c
1 150 0 0 0 0
l
0 300 -1000 1 1 1 1 1 1 1 1 1 0.1 0.001 1e-07 1 0 -1 0 1 2 10 20 1 1 
l
0 10 0 1 1 0 0 1 1 0 0 1 0.1 1e-05 0.1 1 -1.07374e+08 -1.07374e+08 -1.07374e+08 -1.07374e+08 0 0 0 1 1 
l
0 0 0 1 1 1 1 1 1 1 1 1 -1.07374e+08 -1.07374e+08 -1.07374e+08 -1.07374e+08 -1.07374e+08 -1.07374e+08 -1.07374e+08 -1.07374e+08 0 0 0 1 0 
l
0 10 0 1 1 1 0 1 1 0 0 1 0.1 1e-05 0.1 1 -1.07374e+08 -1.07374e+08 -1.07374e+08 -1.07374e+08 0 0 0 1 0 
l
0 10 0 1 0 1 0 1 1 0 0 1 0.1 1e-05 0.1 1 -1.07374e+08 -1.07374e+08 -1.07374e+08 -1.07374e+08 0 0 0 1 0 
l
0 10 0 1 1 0 1 1 1 0 0 1 0.1 1e-05 0.1 1 -1.07374e+08 -1.07374e+08 -1.07374e+08 -1.07374e+08 0 0 0 1 0 
l
0 10 0 1 1 0 1 1 1 0 0 1 0.1 1e-05 0.1 1 -1.07374e+08 -1.07374e+08 -1.07374e+08 -1.07374e+08 0 0 0 1 0 
l
0 10 0 1 1 1 1 1 1 1 1 1 0.1 0.001 0.1 1 0 0 1 1 1 10 20 1 0 
l
0 10 0 1 1 1 1 1 1 1 1 1 0.1 0.001 0.1 1 0 0 1 1 1 10 20 1 0 
l
0 10 0 1 1 1 1 1 1 1 1 1 0.1 0.001 0.1 1 0 0 1 1 1 10 20 1 0 
l
0 10 0 1 1 1 1 1 1 1 1 1 0.1 0.001 0.1 1 0 0 1 1 1 10 20 1 0 
l
0 10 0 1 1 1 1 1 1 1 1 1 0.1 0.001 0.1 1 0 0 1 1 1 10 20 1 0 
l
0 10 0 1 1 1 1 1 1 1 1 1 0.1 0.001 0.1 1 0 0 1 1 1 10 20 1 0 
l
0 10 0 1 1 1 1 1 1 1 1 1 0.1 0.001 0.1 1 0 0 1 1 1 10 20 1 0 
l
0 10 0 1 1 1 1 1 1 1 1 1 0.1 0.001 0.1 1 0 0 1 1 1 10 20 1 0 
l
0 10 0 1 1 1 1 1 1 1 1 1 0.1 0.001 0.1 1 0 0 1 1 1 10 20 1 0 
l
0 0 0 1 1 1 1 1 1 1 1 1 -1.07374e+08 -1.07374e+08 -1.07374e+08 -1.07374e+08 -1.07374e+08 -1.07374e+08 -1.07374e+08 -1.07374e+08 0 0 0 1 0 
l
0 0 0 1 1 1 1 1 1 1 1 1 -1.07374e+08 -1.07374e+08 -1.07374e+08 -1.07374e+08 -1.07374e+08 -1.07374e+08 -1.07374e+08 -1.07374e+08 0 0 0 1 0 
l
0 0 0 1 1 1 1 1 1 1 1 1 -1.07374e+08 -1.07374e+08 -1.07374e+08 -1.07374e+08 -1.07374e+08 -1.07374e+08 -1.07374e+08 -1.07374e+08 0 0 0 1 0 
l
0 0 0 1 1 1 1 1 1 1 1 1 -1.07374e+08 -1.07374e+08 -1.07374e+08 -1.07374e+08 -1.07374e+08 -1.07374e+08 -1.07374e+08 -1.07374e+08 0 0 0 1 0 
o
Terrain Terrain -128 -50 -64 0 0 0 1 1 1 1 0 0 0 0 0 1 1 1 1 1 0 1
o
Terrain TerrainWireframe -128 -49.9 -64 0 0 0 1 1 1 1 1 0 0 0 0 1 1 1 1 1 0 1
o
ISO_Sphere_1 Debug_Sphere_1 0 300 -1000 0 0 0 1 1 1 1 1 1 1 1 1 1 1 1 1 1 1 0
o
ISO_Sphere_1 Debug_Sphere_2 0 300 -1000 0 0 0 1 1110.84 1110.84 1110.84 1 1 1 0 0 1 1 1 1 1 1 0
o
ISO_Sphere_1 Debug_Sphere_3 0 300 -1000 0 0 0 1 1630.86 1630.86 1630.86 1 1 0 1 0 1 1 1 1 1 1 0
o
ISO_Sphere_1 Debug_Sphere_4 0 300 -1000 0 0 0 1 3007.81 3007.81 3007.81 1 1 0 1 1 1 1 1 1 1 1 0
o
ISO_Sphere_1 Debug_Sphere_5 0 300 -1000 0 0 0 1 9843.75 9843.75 9843.75 1 1 0 1 1 1 1 1 1 1 1 0
o
Crate BuildingPreRender 0 0 0 0 0 0 1 1 1 1 0 1 0 1 0 0.5 1 1 1 1 0 0
o
Depot Depot 0 -16.2404 0 -0.0306726 0.740803 -0.0339056 -0.670165 0.833333 0.833333 0.833333 0 0 0.6 0.3 0 1 1 1 1 1 0 1
o
PineTree PineTree 4.83131 -14.7246 26.218 0.149995 0.785127 0.563365 -0.209039 10 10 10 0 1 0.2 0.8 0.2 1 1 1 1 1 0 1
o
PineTree PineTree -50.4458 -20.1042 -3.54934 -0.614783 -0.0992405 -0.0783711 0.778493 10 10 10 0 1 0.2 0.8 0.2 1 1 1 1 1 0 1
o
PineTree PineTree 74.9298 -9.68802 -115.603 -0.451704 -0.502624 -0.349971 0.648732 10 10 10 0 1 0.2 0.8 0.2 1 1 1 1 1 0 1
o
PineTree PineTree 38.1304 -16.8422 111.848 -0.496609 -0.482498 -0.398277 0.601623 10 10 10 0 1 0.2 0.8 0.2 1 1 1 1 1 0 1
o
PineTree PineTree -38.1013 -20.121 2.52914 -0.509487 -0.449476 -0.357332 0.640865 10 10 10 0 1 0.2 0.8 0.2 1 1 1 1 1 0 1
o
PineTree PineTree -64.9312 -20.5648 -122.463 -0.603184 0.310686 0.27513 0.681136 10 10 10 0 1 0.2 0.8 0.2 1 1 1 1 1 0 1
o
PineTree PineTree 127.699 -10.0838 -61.0605 -0.63842 -0.211971 -0.18918 0.715331 10 10 10 0 1 0.2 0.8 0.2 1 1 1 1 1 0 1
o
PineTree PineTree 52.983 -16.1816 -103.118 -0.678354 -0.0169829 -0.0156875 0.734371 10 10 10 0 1 0.2 0.8 0.2 1 1 1 1 1 0 1
o
PineTree PineTree 22.9575 -10.7635 -8.20586 -0.502885 -0.479069 -0.405296 0.59442 10 10 10 0 1 0.2 0.8 0.2 1 1 1 1 1 0 1
o
PineTree PineTree 91.0246 -12.0613 -68.4828 -0.515471 -0.387273 -0.280785 0.710963 10 10 10 0 1 0.2 0.8 0.2 1 1 1 1 1 0 1
o
PineTree PineTree 73.3594 -10.1913 -119.798 0.305008 0.686946 0.525391 -0.398797 10 10 10 0 1 0.2 0.8 0.2 1 1 1 1 1 0 1
o
PineTree PineTree 79.4223 -8.91464 -104.172 -0.483325 -0.496168 -0.39922 0.600698 10 10 10 0 1 0.2 0.8 0.2 1 1 1 1 1 0 1
o
PineTree PineTree -119.661 -23.538 77.9554 0.170251 0.748383 0.605527 -0.210416 10 10 10 0 1 0.2 0.8 0.2 1 1 1 1 1 0 1
o
PineTree PineTree 122.566 -2.63698 -108.149 -0.492036 0.499292 0.434282 0.565692 10 10 10 0 1 0.2 0.8 0.2 1 1 1 1 1 0 1
o
PineTree PineTree 68.4684 -12.2663 -112.462 -0.513249 -0.414509 -0.310966 0.684148 10 10 10 0 1 0.2 0.8 0.2 1 1 1 1 1 0 1
o
PineTree PineTree -63.5561 -17.4538 92.675 -0.505321 0.491563 0.460515 0.539391 10 10 10 0 1 0.2 0.8 0.2 1 1 1 1 1 0 1
o
PineTree PineTree -20.9204 -14.5081 38.9766 0.237151 0.752741 0.499329 -0.357507 10 10 10 0 1 0.2 0.8 0.2 1 1 1 1 1 0 1
o
PineTree PineTree -83.2293 -20.0483 -125.689 -0.58928 -0.237419 -0.186704 0.749348 10 10 10 0 1 0.2 0.8 0.2 1 1 1 1 1 0 1
o
PineTree PineTree -77.2758 -22.7991 60.8138 0.134576 0.779968 0.584168 -0.179683 10 10 10 0 1 0.2 0.8 0.2 1 1 1 1 1 0 1
o
PineTree PineTree -30.5383 -13.4313 76.1897 -0.598582 0.186709 0.146057 0.765184 10 10 10 0 1 0.2 0.8 0.2 1 1 1 1 1 0 1
o
PineTree PineTree -66.1735 -22.1489 -0.127266 -0.605959 -0.191655 -0.153486 0.756653 10 10 10 0 1 0.2 0.8 0.2 1 1 1 1 1 0 1
o
PineTree PineTree -112.348 -19.008 109.949 -0.489645 -0.510057 -0.487688 0.512104 10 10 10 0 1 0.2 0.8 0.2 1 1 1 1 1 0 1
o
PineTree PineTree -99.9882 -23.2636 65.4 0.210644 0.695513 0.648764 -0.225823 10 10 10 0 1 0.2 0.8 0.2 1 1 1 1 1 0 1
o
PineTree PineTree 67.2965 -14.4717 -59.076 -0.109135 0.738493 0.653854 0.123262 10 10 10 0 1 0.2 0.8 0.2 1 1 1 1 1 0 1
o
PineTree PineTree -78.0961 -19.0516 93.6829 -0.478678 -0.48075 -0.359021 0.640977 10 10 10 0 1 0.2 0.8 0.2 1 1 1 1 1 0 1
o
PineTree PineTree -54.9071 -16.3479 -57.9431 0.376138 0.623521 0.471395 -0.497523 10 10 10 0 1 0.2 0.8 0.2 1 1 1 1 1 0 1
o
PineTree PineTree -112.638 -21.5959 89.2373 0.277353 0.675795 0.609848 -0.307346 10 10 10 0 1 0.2 0.8 0.2 1 1 1 1 1 0 1
o
PineTree PineTree 119.159 -10.71 -59.7557 -0.606279 -0.195878 -0.157396 0.754509 10 10 10 0 1 0.2 0.8 0.2 1 1 1 1 1 0 1
o
PineTree PineTree -67.7048 -20.5402 -101.547 -0.588578 -0.283854 -0.231853 0.720588 10 10 10 0 1 0.2 0.8 0.2 1 1 1 1 1 0 1
o
PineTree PineTree -96.1208 -22.4714 -72.7174 -0.0873113 0.739304 0.660496 0.097729 10 10 10 0 1 0.2 0.8 0.2 1 1 1 1 1 0 1
o
PineTree PineTree 3.94844 -13.7188 39.7891 0.290795 0.694937 0.541507 -0.373189 10 10 10 0 1 0.2 0.8 0.2 1 1 1 1 1 0 1
o
PineTree PineTree 119.667 -5.58567 -84.7416 -0.629032 0.096093 0.0787682 0.767385 10 10 10 0 1 0.2 0.8 0.2 1 1 1 1 1 0 1
o
PineTree PineTree -57.3682 -17.6351 -45.6846 -0.463422 -0.499156 -0.364177 0.635184 10 10 10 0 1 0.2 0.8 0.2 1 1 1 1 1 0 1
o
PineTree PineTree 52.733 -15.6993 -127.517 0.367712 0.632254 0.478078 -0.486296 10 10 10 0 1 0.2 0.8 0.2 1 1 1 1 1 0 1
o
PineTree PineTree 90.0949 -4.46939 53.0321 -0.59114 0.143743 0.108071 0.786265 10 10 10 0 1 0.2 0.8 0.2 1 1 1 1 1 0 1
o
PineTree PineTree -78.1586 -25.6776 35.8827 -0.66973 -0.168917 -0.16044 0.705115 10 10 10 0 1 0.2 0.8 0.2 1 1 1 1 1 0 1
o
PineTree PineTree 0.206009 -13.9136 -15.6204 -0.567888 -0.222739 -0.163125 0.775423 10 10 10 0 1 0.2 0.8 0.2 1 1 1 1 1 0 1
o
PineTree PineTree 91.2512 -8.70501 -24.1443 -0.13876 0.731257 0.649297 0.156275 10 10 10 0 1 0.2 0.8 0.2 1 1 1 1 1 0 1
o
PineTree PineTree 124.308 -8.01742 10.4984 -0.314385 0.672861 0.546371 0.387168 10 10 10 0 1 0.2 0.8 0.2 1 1 1 1 1 0 1
o
PineTree PineTree -81.8386 -25.8446 37.7812 0.420166 0.577431 0.528415 -0.459141 10 10 10 0 1 0.2 0.8 0.2 1 1 1 1 1 0 1
o
PineTree PineTree -49.0551 -16.2693 -36.1919 0.460479 0.538681 0.477986 -0.518952 10 10 10 0 1 0.2 0.8 0.2 1 1 1 1 1 0 1
o
PineTree PineTree 18.9417 -5.64632 -48.1769 -0.397023 0.596465 0.546923 0.432986 10 10 10 0 1 0.2 0.8 0.2 1 1 1 1 1 0 1
o
PineTree PineTree 32.2238 -18.0354 112.239 -0.536439 -0.392108 -0.309158 0.680372 10 10 10 0 1 0.2 0.8 0.2 1 1 1 1 1 0 1
o
PineTree PineTree 89.462 -1.29729 27.429 -0.457155 0.496304 0.348855 0.650378 10 10 10 0 1 0.2 0.8 0.2 1 1 1 1 1 0 1
o
PineTree PineTree 96.4859 -12.6333 -59.2088 -0.626983 -0.178266 -0.150368 0.743306 10 10 10 0 1 0.2 0.8 0.2 1 1 1 1 1 0 1
o
PineTree PineTree -95.7692 -19.4324 -19.8706 -0.621208 -0.221341 -0.188977 0.727596 10 10 10 0 1 0.2 0.8 0.2 1 1 1 1 1 0 1
o
PineTree PineTree -88.3468 -19.6041 -54.1773 0.0644597 0.754788 0.648468 -0.0750282 10 10 10 0 1 0.2 0.8 0.2 1 1 1 1 1 0 1
o
PineTree PineTree -18.0374 -14.0888 39.0703 -0.0047415 0.774764 0.632206 0.00581068 10 10 10 0 1 0.2 0.8 0.2 1 1 1 1 1 0 1
o
PineTree PineTree -36.9449 -20.5202 -110.438 0.0151899 0.790164 0.612394 -0.0195994 10 10 10 0 1 0.2 0.8 0.2 1 1 1 1 1 0 1
o
PineTree PineTree 69.4841 -12.459 -105.212 0.395037 0.593767 0.415417 -0.564637 10 10 10 0 1 0.2 0.8 0.2 1 1 1 1 1 0 1
o
PineTree PineTree -94.4254 -23.6721 -108.626 0.183609 0.723134 0.631827 -0.210143 10 10 10 0 1 0.2 0.8 0.2 1 1 1 1 1 0 1
o
PineTree PineTree 124.355 -2.83355 -120.267 -0.665741 0.0442556 0.0396103 0.743815 10 10 10 0 1 0.2 0.8 0.2 1 1 1 1 1 0 1
o
PineTree PineTree 46.5841 -13.0916 107.379 -0.453187 -0.442898 -0.278033 0.721914 10 10 10 0 1 0.2 0.8 0.2 1 1 1 1 1 0 1
o
PineTree PineTree -100.121 -20.7282 -58.9041 -0.0144515 0.778831 0.62681 0.0179565 10 10 10 0 1 0.2 0.8 0.2 1 1 1 1 1 0 1
o
PineTree PineTree -20.9048 -18.4644 -1.44765 0.099603 0.707796 0.691898 -0.101892 10 10 10 0 1 0.2 0.8 0.2 1 1 1 1 1 0 1
o
PineTree PineTree 20.6683 -12.8144 30.2417 0.259363 0.679331 0.626146 -0.281393 10 10 10 0 1 0.2 0.8 0.2 1 1 1 1 1 0 1
o
PineTree PineTree -122.373 -20.5644 107.512 0.181181 0.747407 0.597681 -0.226569 10 10 10 0 1 0.2 0.8 0.2 1 1 1 1 1 0 1
o
PineTree PineTree -115.403 -27.0135 28.6244 -0.639616 0.27701 0.266098 0.665845 10 10 10 0 1 0.2 0.8 0.2 1 1 1 1 1 0 1
o
PineTree PineTree 112.495 -6.70899 -80.4913 -0.554614 0.0740507 0.0496417 0.827318 10 10 10 0 1 0.2 0.8 0.2 1 1 1 1 1 0 1
o
PineTree PineTree -112.598 -25.8753 18.1707 -0.639821 0.0640544 0.0536453 0.763969 10 10 10 0 1 0.2 0.8 0.2 1 1 1 1 1 0 1
o
PineTree PineTree 86.454 -4.37997 104.277 -0.0324116 0.794071 0.60547 0.0425077 10 10 10 0 1 0.2 0.8 0.2 1 1 1 1 1 0 1
o
PineTree PineTree -22.3189 -14.6144 40.2188 0.213058 0.773355 0.496288 -0.332004 10 10 10 0 1 0.2 0.8 0.2 1 1 1 1 1 0 1
o
PineTree PineTree -113.833 -24.2626 -102.032 0.243084 0.683357 0.637152 -0.260712 10 10 10 0 1 0.2 0.8 0.2 1 1 1 1 1 0 1
o
PineTree PineTree -9.5759 -19.3931 -105.11 0.0748076 0.791294 0.598735 -0.0988665 10 10 10 0 1 0.2 0.8 0.2 1 1 1 1 1 0 1
o
PineTree PineTree 19.9026 -8.70063 -29.9727 -0.616119 0.0692089 0.0544784 0.782713 10 10 10 0 1 0.2 0.8 0.2 1 1 1 1 1 0 1
o
PineTree PineTree -88.9328 -23.0548 -82.968 -0.412388 0.580094 0.554115 0.431721 10 10 10 0 1 0.2 0.8 0.2 1 1 1 1 1 0 1
o
PineTree PineTree 17.7541 -11.9438 -1.82267 -0.469846 -0.462488 -0.319187 0.680786 10 10 10 0 1 0.2 0.8 0.2 1 1 1 1 1 0 1
o
PineTree PineTree -113.989 -19.8735 -47.4269 0.0530269 0.774901 0.62643 -0.0655949 10 10 10 0 1 0.2 0.8 0.2 1 1 1 1 1 0 1
o
PineTree PineTree 126.543 -7.58992 16.1627 -0.376249 0.623671 0.478117 0.490791 10 10 10 0 1 0.2 0.8 0.2 1 1 1 1 1 0 1
o
PineTree PineTree -76.3616 -25.6682 31.484 -0.66362 -0.135898 -0.124387 0.725029 10 10 10 0 1 0.2 0.8 0.2 1 1 1 1 1 0 1
o
PineTree PineTree -37.0309 -21.6388 -122.127 -0.684464 -0.0733184 -0.0695055 0.722012 10 10 10 0 1 0.2 0.8 0.2 1 1 1 1 1 0 1
o
PineTree PineTree 125.871 -11.3915 -38.8639 0.290011 0.665069 0.611675 -0.315327 10 10 10 0 1 0.2 0.8 0.2 1 1 1 1 1 0 1
o
PineTree PineTree -106.473 -25.0937 14.0689 -0.63055 -0.130594 -0.108734 0.757317 10 10 10 0 1 0.2 0.8 0.2 1 1 1 1 1 0 1
o
PineTree PineTree 114.159 -6.68818 56.2588 -0.500169 -0.484544 -0.412849 0.587029 10 10 10 0 1 0.2 0.8 0.2 1 1 1 1 1 0 1
o
PineTree PineTree 28.7157 -19.604 -126.611 0.0388266 0.748347 0.660708 -0.0439767 10 10 10 0 1 0.2 0.8 0.2 1 1 1 1 1 0 1
o
PineTree PineTree 26.0593 -9.38554 -26.6991 -0.595988 -0.0344548 -0.0256093 0.801845 10 10 10 0 1 0.2 0.8 0.2 1 1 1 1 1 0 1
o
PineTree PineTree 39.7712 -9.12629 40.1954 -0.409879 -0.566645 -0.386112 0.601524 10 10 10 0 1 0.2 0.8 0.2 1 1 1 1 1 0 1
o
PineTree PineTree -45.7268 -17.2528 -86.6557 -0.0463952 0.729768 0.680301 0.0497688 10 10 10 0 1 0.2 0.8 0.2 1 1 1 1 1 0 1
o
PineTree PineTree 62.0461 -5.31581 68.5642 -0.437023 -0.552503 -0.424479 0.568831 10 10 10 0 1 0.2 0.8 0.2 1 1 1 1 1 0 1
o
PineTree PineTree -51.8913 -20.7454 -118.447 -0.636462 -0.0293865 -0.0242786 0.770366 10 10 10 0 1 0.2 0.8 0.2 1 1 1 1 1 0 1
o
PineTree PineTree 4.73756 -13.8025 73.0254 -0.540284 -0.426623 -0.369196 0.624324 10 10 10 0 1 0.2 0.8 0.2 1 1 1 1 1 0 1
o
PineTree PineTree 9.58945 -13.2712 -12.9796 -0.603216 -0.281706 -0.240584 0.706323 10 10 10 0 1 0.2 0.8 0.2 1 1 1 1 1 0 1
o
PineTree PineTree 91.1809 -9.20107 -92.2811 -0.54613 -0.339842 -0.257376 0.721115 10 10 10 0 1 0.2 0.8 0.2 1 1 1 1 1 0 1
o
PineTree PineTree -100.082 -27.2898 31.2027 -0.61874 -0.320147 -0.305077 0.649304 10 10 10 0 1 0.2 0.8 0.2 1 1 1 1 1 0 1
o
PineTree PineTree -50.3912 -20.1378 -121.955 -0.657589 -0.0938073 -0.0830363 0.742888 10 10 10 0 1 0.2 0.8 0.2 1 1 1 1 1 0 1
o
PineTree PineTree -19.4203 -15.4383 88.8232 -0.671328 0.17702 0.169924 0.699362 10 10 10 0 1 0.2 0.8 0.2 1 1 1 1 1 0 1
o
PineTree PineTree 102.486 -2.54955 -111.212 -0.4796 -0.454512 -0.321353 0.678332 10 10 10 0 1 0.2 0.8 0.2 1 1 1 1 1 0 1
o
PineTree PineTree 88.8135 -6.50816 73.2755 -0.410085 0.589843 0.497827 0.485884 10 10 10 0 1 0.2 0.8 0.2 1 1 1 1 1 0 1
o
PineTree PineTree 102.213 -13.1104 -51.1927 -0.689615 -0.0523979 -0.0501494 0.720535 10 10 10 0 1 0.2 0.8 0.2 1 1 1 1 1 0 1
o
PineTree PineTree -24.3581 -17.8012 -9.44811 -0.594846 -0.220207 -0.173892 0.753279 10 10 10 0 1 0.2 0.8 0.2 1 1 1 1 1 0 1
o
PineTree PineTree -22.5299 -13.0475 -39.8093 -0.521347 -0.373799 -0.271641 0.717414 10 10 10 0 1 0.2 0.8 0.2 1 1 1 1 1 0 1
o
PineTree PineTree 98.4939 -5.58783 -102.383 -0.476505 -0.435993 -0.29505 0.704129 10 10 10 0 1 0.2 0.8 0.2 1 1 1 1 1 0 1
o
PineTree PineTree 6.00328 -12.1941 -80.1241 0.0638581 0.782114 0.614503 -0.081276 10 10 10 0 1 0.2 0.8 0.2 1 1 1 1 1 0 1
o
PineTree PineTree -103.926 -20.4007 -10.6513 -0.63028 0.201711 0.17436 0.729149 10 10 10 0 1 0.2 0.8 0.2 1 1 1 1 1 0 1
o
PineTree PineTree 101.846 -6.10537 -2.12737 -0.299515 0.667212 0.592878 0.337067 10 10 10 0 1 0.2 0.8 0.2 1 1 1 1 1 0 1
o
PineTree PineTree 18.0822 -16.731 85.8777 -0.587079 0.110393 0.0812308 0.797843 10 10 10 0 1 0.2 0.8 0.2 1 1 1 1 1 0 1
o
PineTree PineTree -22.8737 -15.2212 83.862 -0.639245 0.0541181 0.0451767 0.765765 10 10 10 0 1 0.2 0.8 0.2 1 1 1 1 1 0 1
o
PineTree PineTree 5.08133 -10.0563 -31.426 -0.457171 -0.361621 -0.210668 0.784757 10 10 10 0 1 0.2 0.8 0.2 1 1 1 1 1 0 1
o
PineTree PineTree 86.4149 -5.31836 58.3449 -0.527949 0.320913 0.224859 0.753474 10 10 10 0 1 0.2 0.8 0.2 1 1 1 1 1 0 1
o
PineTree PineTree -60.8762 -17.6248 92.4328 -0.576027 0.392527 0.367107 0.615913 10 10 10 0 1 0.2 0.8 0.2 1 1 1 1 1 0 1
o
PineTree PineTree -94.6207 -21.8008 -131.651 0.463214 0.53553 0.473635 -0.523747 10 10 10 0 1 0.2 0.8 0.2 1 1 1 1 1 0 1
o
PineTree PineTree 120.777 -6.08726 26.9212 -0.592117 0.359449 0.332556 0.64 10 10 10 0 1 0.2 0.8 0.2 1 1 1 1 1 0 1
o
PineTree PineTree -47.8129 -19.8867 -104.407 0.134069 0.7555 0.620134 -0.163335 10 10 10 0 1 0.2 0.8 0.2 1 1 1 1 1 0 1
o
PineTree PineTree 124.574 -5.87646 41.4689 -0.33539 0.658558 0.528097 0.418244 10 10 10 0 1 0.2 0.8 0.2 1 1 1 1 1 0 1
o
PineTree PineTree 7.20648 -8.96649 -70.9439 -0.0515977 0.829782 0.550222 0.0778138 10 10 10 0 1 0.2 0.8 0.2 1 1 1 1 1 0 1
o
PineTree PineTree -6.84915 -21.387 115.325 -0.616162 0.305845 0.28173 0.668903 10 10 10 0 1 0.2 0.8 0.2 1 1 1 1 1 0 1
o
PineTree PineTree -60.6809 -23.4545 46.2114 0.277845 0.708056 0.53503 -0.367698 10 10 10 0 1 0.2 0.8 0.2 1 1 1 1 1 0 1
o
PineTree PineTree 57.7411 -2.2401 -4.04156 0.12493 0.774142 0.599204 -0.161404 10 10 10 0 1 0.2 0.8 0.2 1 1 1 1 1 0 1
o
PineTree PineTree -53.2976 -16.4505 -77.3583 0.355565 0.619931 0.59222 -0.372203 10 10 10 0 1 0.2 0.8 0.2 1 1 1 1 1 0 1
o
PineTree PineTree 97.1657 -11.0938 -37.9888 0.0341281 0.767186 0.639205 -0.0409612 10 10 10 0 1 0.2 0.8 0.2 1 1 1 1 1 0 1
o
PineTree PineTree -35.8902 -21.3878 -125.76 -0.664524 -0.161835 -0.150662 0.713806 10 10 10 0 1 0.2 0.8 0.2 1 1 1 1 1 0 1
o
PineTree PineTree -44.6017 -20.8854 26.6555 0.449865 0.548543 0.469352 -0.525767 10 10 10 0 1 0.2 0.8 0.2 1 1 1 1 1 0 1
o
PineTree PineTree -91.3705 -22.9408 -104.165 0.224591 0.708955 0.616662 -0.258205 10 10 10 0 1 0.2 0.8 0.2 1 1 1 1 1 0 1
o
PineTree PineTree 25.6218 -11.7066 53.5087 0.33521 0.661867 0.510774 -0.434369 10 10 10 0 1 0.2 0.8 0.2 1 1 1 1 1 0 1
o
PineTree PineTree 4.01877 -15.8892 0.333702 0.474141 0.525463 0.485276 -0.513407 10 10 10 0 1 0.2 0.8 0.2 1 1 1 1 1 0 1
o
PineTree PineTree -119.31 -25.7759 57.0714 0.143 0.75401 0.616817 -0.174806 10 10 10 0 1 0.2 0.8 0.2 1 1 1 1 1 0 1
o
PineTree PineTree 39.4196 -14.8371 -85.6088 -0.0994245 0.786138 0.595724 0.131204 10 10 10 0 1 0.2 0.8 0.2 1 1 1 1 1 0 1
o
PineTree PineTree 114.268 -7.84972 87.6044 -0.659732 -0.218748 -0.209868 0.687647 10 10 10 0 1 0.2 0.8 0.2 1 1 1 1 1 0 1
o
PineTree PineTree -125.342 -23.8902 -101.399 -0.10089 0.736812 0.658941 0.112812 10 10 10 0 1 0.2 0.8 0.2 1 1 1 1 1 0 1
o
PineTree PineTree 40.2087 -7.46914 -3.4712 0.40476 0.592743 0.455772 -0.5264 10 10 10 0 1 0.2 0.8 0.2 1 1 1 1 1 0 1
o
PineTree PineTree 48.1155 -4.98929 -19.894 -0.571276 -0.33262 -0.271677 0.699428 10 10 10 0 1 0.2 0.8 0.2 1 1 1 1 1 0 1
o
PineTree PineTree -101.277 -25.7858 18.366 -0.628097 -0.0632221 -0.0513135 0.773863 10 10 10 0 1 0.2 0.8 0.2 1 1 1 1 1 0 1
o
PineTree PineTree -65.1812 -16.8478 -122.252 -0.603184 0.310686 0.275129 0.681136 10 10 10 0 1 0.2 0.8 0.2 1 1 1 1 1 0 1
o
PineTree PineTree -39.117 -16.9986 -94.8906 0.0895643 0.74479 0.653331 -0.102102 10 10 10 0 1 0.2 0.8 0.2 1 1 1 1 1 0 1
o
PineTree PineTree -8.55239 -13.8534 -20.2144 -0.622026 0.09446 0.0759563 0.773558 10 10 10 0 1 0.2 0.8 0.2 1 1 1 1 1 0 1
o
PineTree PineTree 59.585 -8.30548 109.168 -0.538137 -0.391233 -0.310001 0.67915 10 10 10 0 1 0.2 0.8 0.2 1 1 1 1 1 0 1
o
PineTree PineTree -96.5739 -26.3036 21.9834 -0.62896 -0.0844664 -0.0690175 0.769747 10 10 10 0 1 0.2 0.8 0.2 1 1 1 1 1 0 1
o
PineTree PineTree -124.888 -21.1685 -65.3029 -0.246797 0.709712 0.589053 0.297349 10 10 10 0 1 0.2 0.8 0.2 1 1 1 1 1 0 1
o
PineTree PineTree -61.1809 -17.983 -77.7177 0.324479 0.67331 0.501821 -0.435365 10 10 10 0 1 0.2 0.8 0.2 1 1 1 1 1 0 1
o
PineTree PineTree -80.7448 -21.1854 -6.37763 -0.630411 0.118513 0.0981957 0.760851 10 10 10 0 1 0.2 0.8 0.2 1 1 1 1 1 0 1
o
PineTree PineTree -115.442 -22.4537 -67.9828 0.00790342 0.750636 0.660608 -0.0089805 10 10 10 0 1 0.2 0.8 0.2 1 1 1 1 1 0 1
o
PineTree PineTree -38.3122 -17.9109 45.9457 0.238383 0.74422 0.524174 -0.338454 10 10 10 0 1 0.2 0.8 0.2 1 1 1 1 1 0 1
o
PineTree PineTree 53.2643 -10.6948 -48.5207 -0.156688 0.751153 0.611718 0.192404 10 10 10 0 1 0.2 0.8 0.2 1 1 1 1 1 0 1
o
PineTree PineTree -36.8746 -13.3658 72.6739 -0.636295 -0.160149 -0.137327 0.742039 10 10 10 0 1 0.2 0.8 0.2 1 1 1 1 1 0 1
o
PineTree PineTree 16.4727 -12.5167 34.1482 -0.0762803 0.730919 0.67311 0.0828316 10 10 10 0 1 0.2 0.8 0.2 1 1 1 1 1 0 1
o
PineTree PineTree 2.7843 -17.0492 13.2719 -0.664523 -0.0620341 -0.0555106 0.742617 10 10 10 0 1 0.2 0.8 0.2 1 1 1 1 1 0 1
o
PineTree PineTree 64.476 -12.5603 -120.72 0.396116 0.603692 0.479306 -0.498913 10 10 10 0 1 0.2 0.8 0.2 1 1 1 1 1 0 1
o
PineTree PineTree -87.5577 -20.525 -128.502 0.445356 0.55412 0.480843 -0.513225 10 10 10 0 1 0.2 0.8 0.2 1 1 1 1 1 0 1
o
PineTree PineTree 24.5514 -18.613 105.16 -0.519183 -0.426794 -0.335745 0.659978 10 10 10 0 1 0.2 0.8 0.2 1 1 1 1 1 0 1
o
PineTree PineTree -31.007 -15.186 -26.0975 -0.550051 -0.39759 -0.334485 0.653824 10 10 10 0 1 0.2 0.8 0.2 1 1 1 1 1 0 1
o
PineTree PineTree -74.2131 -22.9452 30.6402 -0.00813903 0.981924 0.0434227 0.184049 10 10 10 0 1 0.2 0.8 0.2 1 1 1 1 1 0 1
o
PineTree PineTree 29.4033 -12.3563 12.6079 -0.571544 -0.320521 -0.258037 0.709944 10 10 10 0 1 0.2 0.8 0.2 1 1 1 1 1 0 1
o
PineTree PineTree -41.6484 -21.3156 -122.619 -0.572521 0.330147 0.269922 0.700261 10 10 10 0 1 0.2 0.8 0.2 1 1 1 1 1 0 1
o
PineTree PineTree -3.68488 -14.3444 -15.1672 -0.62974 -0.0570331 -0.0464442 0.773316 10 10 10 0 1 0.2 0.8 0.2 1 1 1 1 1 0 1
o
PineTree PineTree 119.253 -7.77448 72.5176 -0.623784 0.262688 0.234873 0.697656 10 10 10 0 1 0.2 0.8 0.2 1 1 1 1 1 0 1
o
PineTree PineTree 22.0668 -20.5322 -131.268 0.161085 0.734418 0.63219 -0.187133 10 10 10 0 1 0.2 0.8 0.2 1 1 1 1 1 0 1
o
PineTree PineTree 64.6088 -15.5467 -68.2953 -0.280341 0.676658 0.604103 0.314011 10 10 10 0 1 0.2 0.8 0.2 1 1 1 1 1 0 1
o
PineTree PineTree 11.1677 -21.5969 -132.158 0.133927 0.735946 0.645879 -0.152602 10 10 10 0 1 0.2 0.8 0.2 1 1 1 1 1 0 1
o
PineTree PineTree 72.4999 -15.4287 -77.0849 -0.593647 -0.31218 -0.267962 0.691609 10 10 10 0 1 0.2 0.8 0.2 1 1 1 1 1 0 1
o
PineTree PineTree -98.5897 -19.1809 111.957 -0.662852 0.0350331 0.0310749 0.747284 10 10 10 0 1 0.2 0.8 0.2 1 1 1 1 1 0 1
o
Rock Rock 52.1626 -7.66681 62.5092 0.0556743 0.721488 0.687709 -0.0584089 20 20 20 0 1 0.5 0.5 0.5 1 1 1 1 1 0 1
o
Rock Rock 27.3641 -18.6594 110.504 -0.575046 -0.333346 -0.276115 0.694236 20 20 20 0 1 0.5 0.5 0.5 1 1 1 1 1 0 1
o
Rock Rock 63.8509 -15.4855 -76.1082 -0.553929 0.42882 0.403599 0.588544 20 20 20 0 1 0.5 0.5 0.5 1 1 1 1 1 0 1
o
Rock Rock -25.6395 -14.8341 -81.4523 -0.0206618 0.79083 0.611102 0.0267385 20 20 20 0 1 0.5 0.5 0.5 1 1 1 1 1 0 1
o
Rock Rock 53.0533 -4.67703 -21.2847 -0.157012 0.718094 0.655846 0.171914 20 20 20 0 1 0.5 0.5 0.5 1 1 1 1 1 0 1
o
Rock Rock 91.1184 -7.34182 -16.8704 -0.126317 0.779942 0.589772 0.167047 20 20 20 0 1 0.5 0.5 0.5 1 1 1 1 1 0 1
o
Rock Rock -40.703 -20.5163 22.4991 -0.472472 -0.523566 -0.454884 0.54381 20 20 20 0 1 0.5 0.5 0.5 1 1 1 1 1 0 1
o
Rock Rock -27.3193 -16.1191 94.1673 -0.620127 0.0974216 0.0780025 0.774511 20 20 20 0 1 0.5 0.5 0.5 1 1 1 1 1 0 1
o
Rock Rock -48.5473 -20.7199 36.7889 0.361388 0.633686 0.530673 -0.43154 20 20 20 0 1 0.5 0.5 0.5 1 1 1 1 1 0 1
o
Rock Rock -125.959 -27.2147 39.8751 -0.608198 -0.331576 -0.309591 0.651388 20 20 20 0 1 0.5 0.5 0.5 1 1 1 1 1 0 1
o
Rock Rock -98.535 -23.5071 7.83414 -0.64308 -0.102877 -0.0877701 0.753764 20 20 20 0 1 0.5 0.5 0.5 1 1 1 1 1 0 1
o
Rock Rock -121.912 -22.6768 86.6747 0.146174 0.734079 0.641717 -0.167213 20 20 20 0 1 0.5 0.5 0.5 1 1 1 1 1 0 1
o
Rock Rock -103.301 -19.665 -42.286 -0.458626 0.541362 0.495766 0.500805 20 20 20 0 1 0.5 0.5 0.5 1 1 1 1 1 0 1
o
Rock Rock -37.8044 -18.2033 43.6097 0.279108 0.710111 0.524397 -0.377954 20 20 20 0 1 0.5 0.5 0.5 1 1 1 1 1 0 1
o
Rock Rock -121.341 -26.9863 36.0311 -0.112585 0.705523 0.690156 0.115092 20 20 20 0 1 0.5 0.5 0.5 1 1 1 1 1 0 1
o
Rock Rock -116.802 -24.4469 -104.766 -0.0710663 0.72079 0.685439 0.0747314 20 20 20 0 1 0.5 0.5 0.5 1 1 1 1 1 0 1
o
Rock Rock -47.6957 -20.6492 -119.986 -0.56182 0.354393 0.288779 0.689471 20 20 20 0 1 0.5 0.5 0.5 1 1 1 1 1 0 1
o
Rock Rock -22.9909 -18.4078 -4.96348 -0.62631 -0.290107 -0.270783 0.671007 20 20 20 0 1 0.5 0.5 0.5 1 1 1 1 1 0 1
o
Rock Rock -34.1869 -16.324 -92.7577 -0.603105 0.35729 0.345336 0.623981 20 20 20 0 1 0.5 0.5 0.5 1 1 1 1 1 0 1
o
Rock Rock 0.534149 -9.60886 -36.6841 -0.517071 -0.184468 -0.115218 0.827849 20 20 20 0 1 0.5 0.5 0.5 1 1 1 1 1 0 1
o
Rock Rock -95.1129 -22.9512 -91.2576 -0.534461 -0.453515 -0.421053 0.575666 20 20 20 0 1 0.5 0.5 0.5 1 1 1 1 1 0 1
o
Rock Rock -71.6895 -21.5516 -86.3823 0.361264 0.637975 0.499973 -0.460981 20 20 20 0 1 0.5 0.5 0.5 1 1 1 1 1 0 1
o
Rock Rock -42.4687 -17.2822 -89.3199 -0.556446 -0.426931 -0.405001 0.586577 20 20 20 0 1 0.5 0.5 0.5 1 1 1 1 1 0 1
o
Rock Rock 87.5009 -6.16138 79.6508 -0.426838 0.542951 0.374647 0.61859 20 20 20 0 1 0.5 0.5 0.5 1 1 1 1 1 0 1
o
Rock Rock 1.28421 -8.57582 -47.5128 0.358655 0.640687 0.497841 -0.461564 20 20 20 0 1 0.5 0.5 0.5 1 1 1 1 1 0 1
o
Rock Rock -64.6343 -20.7241 -93.3905 0.387266 0.611932 0.507238 -0.467198 20 20 20 0 1 0.5 0.5 0.5 1 1 1 1 1 0 1
o
Rock Rock -70.9316 -21.614 -90.4528 0.3599 0.633461 0.538446 -0.423409 20 20 20 0 1 0.5 0.5 0.5 1 1 1 1 1 0 1
o
Rock Rock 31.4269 -17.1643 103.23 -0.575317 -0.303785 -0.242898 0.719532 20 20 20 0 1 0.5 0.5 0.5 1 1 1 1 1 0 1
o
Rock Rock 53.4362 -9.3226 104.355 -0.478484 -0.377149 -0.238635 0.756218 20 20 20 0 1 0.5 0.5 0.5 1 1 1 1 1 0 1
o
Rock Rock 107.846 -4.42138 14.0376 -0.218695 0.721495 0.602527 0.261876 20 20 20 0 1 0.5 0.5 0.5 1 1 1 1 1 0 1
o
Rock Rock -66.6579 -21.0216 -5.88541 -0.606416 -0.164299 -0.129889 0.767069 20 20 20 0 1 0.5 0.5 0.5 1 1 1 1 1 0 1
o
Rock Rock 94.5639 -13.0229 -47.6457 0.254873 0.688153 0.616989 -0.28427 20 20 20 0 1 0.5 0.5 0.5 1 1 1 1 1 0 1
o
Rock Rock -16.5373 -15.5802 30.9917 0.111892 0.774908 0.605379 -0.143226 20 20 20 0 1 0.5 0.5 0.5 1 1 1 1 1 0 1
o
Rock Rock 74.7813 -5.10917 85.698 -0.536845 -0.441708 -0.394734 0.60073 20 20 20 0 1 0.5 0.5 0.5 1 1 1 1 1 0 1
o
Rock Rock 113.94 -1.34358 -113.345 -0.137046 0.747811 0.628837 0.162975 20 20 20 0 1 0.5 0.5 0.5 1 1 1 1 1 0 1
o
Rock Rock -116.982 -24.6094 -118.392 -0.619519 -0.194726 -0.162385 0.742906 20 20 20 0 1 0.5 0.5 0.5 1 1 1 1 1 0 1
o
Rock Rock 16.6446 -9.81812 -70.436 -0.336071 0.657211 0.531375 0.415657 20 20 20 0 1 0.5 0.5 0.5 1 1 1 1 1 0 1
o
Rock Rock -46.344 -14.4516 -53.8179 -0.0826066 0.754167 0.64425 0.0967003 20 20 20 0 1 0.5 0.5 0.5 1 1 1 1 1 0 1
o
Rock Rock -45.9534 -13.475 -85.4994 -0.0463952 0.729768 0.680301 0.0497688 20 20 20 0 1 0.5 0.5 0.5 1 1 1 1 1 0 1
o
Rock Rock 35.8959 -11.2765 22.8585 0.325457 0.671905 0.432743 -0.505326 20 20 20 0 1 0.5 0.5 0.5 1 1 1 1 1 0 1
o
Rock Rock 10.4098 -11.9639 -19.1987 -0.602718 -0.0398698 -0.0301741 0.796386 20 20 20 0 1 0.5 0.5 0.5 1 1 1 1 1 0 1
o
Rock Rock -56.6494 -18.4172 103.894 -0.663336 -0.0834897 -0.0748531 0.739873 20 20 20 0 1 0.5 0.5 0.5 1 1 1 1 1 0 1
o
Rock Rock -10.4119 -12.4522 -33.012 -0.600644 0.138953 0.106996 0.780045 20 20 20 0 1 0.5 0.5 0.5 1 1 1 1 1 0 1
o
Rock Rock -21.897 -11.9359 -41.7781 -0.0722364 0.875936 0.13864 0.456395 20 20 20 0 1 0.5 0.5 0.5 1 1 1 1 1 0 1
o
Rock Rock -32.6556 -15.7231 89.9405 -0.65275 0.163486 0.147208 0.724927 20 20 20 0 1 0.5 0.5 0.5 1 1 1 1 1 0 1
o
Rock Rock 77.1643 -15.1217 -68.0687 0.431854 0.568142 0.493947 -0.496722 20 20 20 0 1 0.5 0.5 0.5 1 1 1 1 1 0 1
o
Rock Rock 98.1032 -3.28454 20.4989 -0.427644 0.532665 0.357765 0.636705 20 20 20 0 1 0.5 0.5 0.5 1 1 1 1 1 0 1
o
Rock Rock -70.4863 -18.7878 -138.885 0.0203533 0.794524 0.606305 -0.0266717 20 20 20 0 1 0.5 0.5 0.5 1 1 1 1 1 0 1
o
Rock Rock -59.8058 -18.3777 -84.2806 0.333314 0.666097 0.488656 -0.454348 20 20 20 0 1 0.5 0.5 0.5 1 1 1 1 1 0 1
o
Rock Rock -120.263 -20.9459 -22.7223 -0.660796 -0.0539548 -0.047722 0.747101 20 20 20 0 1 0.5 0.5 0.5 1 1 1 1 1 0 1
o
Rock Rock -4.24741 -10.0451 -72.5534 0.160966 0.793288 0.536852 -0.237854 20 20 20 0 1 0.5 0.5 0.5 1 1 1 1 1 0 1
o
Rock Rock 1.90924 -21.0571 -122.744 -0.158706 0.707232 0.668142 0.167991 20 20 20 0 1 0.5 0.5 0.5 1 1 1 1 1 0 1
o
Rock Rock 96.8688 -12.4154 -44.5205 0.059536 0.77262 0.62781 -0.0732686 20 20 20 0 1 0.5 0.5 0.5 1 1 1 1 1 0 1
o
Rock Rock -23.7878 -10.9991 -50.3646 -0.469953 -0.512762 -0.40698 0.592104 20 20 20 0 1 0.5 0.5 0.5 1 1 1 1 1 0 1
o
Rock Rock -105.59 -23.3554 5.27149 -0.623822 -0.0383392 -0.0306618 0.780023 20 20 20 0 1 0.5 0.5 0.5 1 1 1 1 1 0 1
o
Rock Rock -32.0618 -15.2249 49.6256 0.232101 0.749616 0.523011 -0.332663 20 20 20 0 1 0.5 0.5 0.5 1 1 1 1 1 0 1
o
Rock Rock -78.6118 -19.7627 102.051 -0.524485 -0.463112 -0.420552 0.577563 20 20 20 0 1 0.5 0.5 0.5 1 1 1 1 1 0 1
o
Rock Rock 21.0668 -12.1048 70.494 -0.551271 -0.125287 -0.0841705 0.82056 20 20 20 0 1 0.5 0.5 0.5 1 1 1 1 1 0 1
o
Rock Rock 38.607 -18.7611 -134.557 0.4448 0.550035 0.446476 -0.547972 20 20 20 0 1 0.5 0.5 0.5 1 1 1 1 1 0 1
o
Rock Rock -41.8046 -20.6578 19.4676 -0.471017 -0.525051 -0.454974 0.543565 20 20 20 0 1 0.5 0.5 0.5 1 1 1 1 1 0 1
o
Rock Rock -120.997 -26.6297 24.7648 -0.663133 0.0800099 0.0716256 0.740758 20 20 20 0 1 0.5 0.5 0.5 1 1 1 1 1 0 1
o
Rock Rock 115.214 -2.09172 -105.876 -0.57506 0.273399 0.212077 0.741339 20 20 20 0 1 0.5 0.5 0.5 1 1 1 1 1 0 1
o
Rock Rock -109.536 -21.2308 90.4952 0.397876 0.599206 0.527929 -0.451594 20 20 20 0 1 0.5 0.5 0.5 1 1 1 1 1 0 1
o
Rock Rock 38.1695 -5.80989 39.336 -0.409879 -0.566645 -0.386112 0.601524 20 20 20 0 1 0.5 0.5 0.5 1 1 1 1 1 0 1
o
Rock Rock -86.9327 -20.0924 94.5501 0.329931 0.639873 0.597319 -0.353436 20 20 20 0 1 0.5 0.5 0.5 1 1 1 1 1 0 1
o
Rock Rock 78.9613 -8.64415 -23.3864 -0.0125803 0.815929 0.577742 0.0177667 20 20 20 0 1 0.5 0.5 0.5 1 1 1 1 1 0 1
o
Rock Rock 34.849 -16.3833 102.926 -0.525631 -0.391893 -0.296669 0.694348 20 20 20 0 1 0.5 0.5 0.5 1 1 1 1 1 0 1
o
Rock Rock -54.7664 -16.7075 -29.9415 -0.552152 -0.420225 -0.378923 0.612337 20 20 20 0 1 0.5 0.5 0.5 1 1 1 1 1 0 1
o
Rock Rock -105.903 -27.1101 36.8124 -0.0571917 0.716845 0.692355 0.0592146 20 20 20 0 1 0.5 0.5 0.5 1 1 1 1 1 0 1
o
Rock Rock -90.9798 -21.0816 -7.22143 -0.636139 -0.101655 -0.0850763 0.760102 20 20 20 0 1 0.5 0.5 0.5 1 1 1 1 1 0 1
o
Rock Rock -107.809 -23.8839 -93.6952 0.473473 0.526502 0.495756 -0.502837 20 20 20 0 1 0.5 0.5 0.5 1 1 1 1 1 0 1
o
Rock Rock 9.70665 -19.5101 101.746 -0.613203 -0.0366072 -0.0284665 0.788563 20 20 20 0 1 0.5 0.5 0.5 1 1 1 1 1 0 1
o
Rock Rock -27.2021 -14.3709 -79.4834 0.0981189 0.785011 0.597945 -0.128815 20 20 20 0 1 0.5 0.5 0.5 1 1 1 1 1 0 1
o
Rock Rock -116.458 -18.9712 -42.7547 0.0495921 0.775667 0.626185 -0.0614308 20 20 20 0 1 0.5 0.5 0.5 1 1 1 1 1 0 1
o
Rock Rock -56.329 -18.5268 66.2594 -0.439753 -0.53347 -0.382869 0.61273 20 20 20 0 1 0.5 0.5 0.5 1 1 1 1 1 0 1
o
Rock Rock -68.2283 -18.7956 -41.2312 0.139262 0.74921 0.625686 -0.166755 20 20 20 0 1 0.5 0.5 0.5 1 1 1 1 1 0 1
o
Rock Rock 68.9841 -12.6802 -100.844 -0.402488 -0.575982 -0.389222 0.595613 20 20 20 0 1 0.5 0.5 0.5 1 1 1 1 1 0 1
o
Rock Rock 59.0615 -13.5857 -58.576 -0.298421 0.692057 0.52847 0.390796 20 20 20 0 1 0.5 0.5 0.5 1 1 1 1 1 0 1
o
Rock Rock 20.0511 -10.2442 -68.6078 -0.285755 0.68837 0.57069 0.34468 20 20 20 0 1 0.5 0.5 0.5 1 1 1 1 1 0 1
o
Rock Rock 22.5669 -5.64051 -47.1847 -0.668773 0.120723 0.111345 0.725101 20 20 20 0 1 0.5 0.5 0.5 1 1 1 1 1 0 1
o
Gold Gold 32.6457 -9.34158 -16.2376 -0.501459 -0.464989 -0.371235 0.6281 8.33333 8.33333 8.33333 0 1 1 0.8 0 1 1 1 1 1 0 1
o
Gold Gold -72.5176 -19.7465 78.5023 0.0681523 0.764505 0.635744 -0.0819556 8.33333 8.33333 8.33333 0 1 1 0.8 0 1 1 1 1 1 0 1
o
Gold Gold 54.78 -4.39075 -17.6127 -0.187104 0.731504 0.616998 0.221828 8.33333 8.33333 8.33333 0 1 1 0.8 0 1 1 1 1 1 0 1
o
Gold Gold 45.084 -5.52505 -4.17437 0.317307 0.682059 0.483352 -0.447752 8.33333 8.33333 8.33333 0 1 1 0.8 0 1 1 1 1 1 0 1
o
Gold Gold -35.0542 -17.4846 103.871 -0.593131 0.204142 0.158811 0.762431 8.33333 8.33333 8.33333 0 1 1 0.8 0 1 1 1 1 1 0 1
o
Gold Gold 25.1764 -16.6969 88.4326 -0.594172 -0.211956 -0.166165 0.757908 8.33333 8.33333 8.33333 0 1 1 0.8 0 1 1 1 1 1 0 1
o
Gold Gold -27.0458 -21.4835 -139.088 -0.304442 0.653193 0.6126 0.324616 8.33333 8.33333 8.33333 0 1 1 0.8 0 1 1 1 1 1 0 1
o
Gold Gold 7.24554 -6.51857 -62.9669 -0.0724715 0.744905 0.65813 0.082027 8.33333 8.33333 8.33333 0 1 1 0.8 0 1 1 1 1 1 0 1
o
Gold Gold -68.8221 -18.5436 -55.4508 0.174539 0.694308 0.674694 -0.179613 8.33333 8.33333 8.33333 0 1 1 0.8 0 1 1 1 1 1 0 1
o
Gold Gold 117.894 -3.66238 114.973 -0.530045 -0.438525 -0.373532 0.622271 8.33333 8.33333 8.33333 0 1 1 0.8 0 1 1 1 1 1 0 1
o
Gold Gold -3.64581 -17.0362 14.7174 0.38473 0.603503 0.564367 -0.411409 8.33333 8.33333 8.33333 0 1 1 0.8 0 1 1 1 1 1 0 1
o
Gold Gold 90.8996 -2.32758 31.9605 -0.47898 0.454752 0.320866 0.678841 8.33333 8.33333 8.33333 0 1 1 0.8 0 1 1 1 1 1 0 1
o
Gold Gold 89.8292 -6.84481 95.4486 -0.143448 0.763553 0.602824 0.181695 8.33333 8.33333 8.33333 0 1 1 0.8 0 1 1 1 1 1 0 1
o
Gold Gold 105.776 -7.52232 58.634 -0.658912 -0.136557 -0.123366 0.729362 8.33333 8.33333 8.33333 0 1 1 0.8 0 1 1 1 1 1 0 1
o
Gold Gold 84.3835 -2.08148 46.5395 -0.645288 0.0186481 0.0157598 0.76355 8.33333 8.33333 8.33333 0 1 1 0.8 0 1 1 1 1 1 0 1
o
Gold Gold -27.2411 -16.3576 -92.6248 0.0535064 0.768874 0.633843 -0.0649052 8.33333 8.33333 8.33333 0 1 1 0.8 0 1 1 1 1 1 0 1
o
Gold Gold -42.5156 -17.517 -96.3204 0.332646 0.657075 0.54446 -0.40145 8.33333 8.33333 8.33333 0 1 1 0.8 0 1 1 1 1 1 0 1
o
Gold Gold 64.3978 -8.00314 -34.2542 -0.258981 0.72134 0.542052 0.344641 8.33333 8.33333 8.33333 0 1 1 0.8 0 1 1 1 1 1 0 1
o
Gold Gold 47.1076 -16.1052 -88.8434 -0.120955 0.761213 0.619548 0.148612 8.33333 8.33333 8.33333 0 1 1 0.8 0 1 1 1 1 1 0 1
o
Gold Gold 97.4938 -5.48942 -137.627 0.253942 0.736015 0.508752 -0.36738 8.33333 8.33333 8.33333 0 1 1 0.8 0 1 1 1 1 1 0 1
